279
280
281
282
283
285
284
1
2
3
4
294
287
286
291
288
289
290
292
293
5
6
7
8
25
9
11
10
13
12
15
14
16
17
18
19
20
21
23
22
24
26
27
29
30
31
32
33
46
34
36
35
38
37
40
39
42
41
43
45
44
50
56
52
51
53
55
54
60
76
62
61
63
64
73
66
65
77
78
80
81
101
82
83
84
98
97
100
99
177
178
179
180
181
182
183
184
201
185
187
186
189
188
191
190
192
193
194
195
196
197
199
198
200
205
206
207
208
209
222
210
212
211
214
213
216
215
218
217
219
221
220
226
232
228
227
229
231
230
236
252
238
237
239
240
249
242
241
244
243
246
245
248
247
251
250
256
257
277
258
259
260
272
270
269
262
261
264
263
266
265
268
267
271
274
273
276
275
68
67
70
69
72
71
75
74
96
94
93
86
85
88
87
90
89
92
91
95
202
203
253
254
103
104
105
106
107
108
125
109
110
111
112
120
118
117
113
114
115
116
119
122
121
124
123
127
128
129
130
131
143
132
133
134
135
140
136
137
138
139
142
141
147
148
149
150
151
152
153
154
155
175
156
157
158
159
170
168
167
160
161
162
163
164
165
166
169
172
171
174
173
